Date,Facebook,YouTube,Twitter,Pinterest,LinkedIn,Instagram,Tumblr,StumbleUpon,reddit,NowPublic,Google+,Digg,VKontakte,Other
2009-04,80.47,0,1.25,0,0,0,0,2.53,0.71,0.05,0,5.52,0,9.47
2009-05,80.91,0,1.96,0,0.19,0,0,1.59,0.55,0.03,0,7.71,0,7.06
2009-06,81.41,0,2.13,0,0.35,0,0,1.82,1.49,0,0,8.44,0,4.36
2009-07,81.43,0,1.61,0,0.19,0,0,1.85,0.93,0,0,9.4,0,4.6
2009-08,87.48,0,1.7,0,0.24,0,0,1.05,0.62,0.04,0,5.92,0,2.94
2009-09,87.41,0.06,1.59,0,0.22,0,0,0.85,0.32,0.01,0,6.75,0,2.79
2009-10,87.58,2.81,1.15,0,0.24,0,0,1.07,0.32,0.06,0,4.43,0,2.32
2009-11,88.17,2.44,0.96,0,0.16,0,0,0.72,0.26,0,0,4.54,0,2.75
2009-12,91.06,2,0.58,0,0.12,0,0,0.57,0.12,0.02,0,3.22,0,2.32
2010-01,90.42,1.88,0.69,0,0.22,0,0,0.6,0.17,0.01,0,3,0,3.01
2010-02,84.09,3.67,1.33,0,0.25,0,0,1.07,0.15,2.13,0,4.57,0,2.72
2010-03,81.66,5.9,1.44,0,0.3,0,0,1.5,0.22,2.54,0,3.93,0,2.51
2010-04,84.49,4.51,1.66,0,0.32,0,0,1.31,0.26,2.11,0,3.05,0,2.28
2010-05,85.89,3.8,1.59,0,0.23,0,0,1.06,0.27,2.44,0,2.87,0,1.85
2010-06,81.72,4.89,1.57,0,0.12,0,0,0.87,0.26,5.77,0,2.72,0,2.07
2010-07,89.1,4.09,1.25,0,0.13,0,0,0.89,0.18,1.26,0,2.11,0,1
2010-08,91.66,3.25,1.01,0,0.12,0,0,0.55,0.16,1.14,0,1.49,0,0.62
2010-09,90.08,3.64,0.83,0,0.14,0,0,0.67,0.19,2.19,0,1.68,0,0.58
2010-10,89.1,4.91,1.18,0,0.15,0,0,0.86,0.21,1.39,0,1.31,0,0.89
2010-11,89.3,4.05,1.28,0,0.15,0,0,1.03,0.25,1.71,0,1.45,0,0.78
2010-12,90.64,3.81,1.11,0,0.17,0,0,1.3,0.18,0.83,0,1.25,0,0.71
2011-01,90.32,4.51,1.09,0,0.16,0,0,1.13,0.22,0.87,0,1.06,0,0.64
2011-02,86.34,6.27,1.38,0,0.15,0,0,1.09,0.15,2.24,0,1.65,0,0.73
2011-03,89.95,4.15,1.37,0,0.2,0,0,0.96,0.15,1.15,0,1.24,0,0.83
2011-04,88.73,5.63,1.21,0,0.21,0,0,1.13,0.15,1.03,0,1.49,0,0.41
2011-05,87.82,6.42,1.01,0,0.32,0,0,1.37,0.12,1.51,0,1.08,0,0.35
2011-06,86.11,7,1.28,0,0.43,0,0,1.66,0.12,1.77,0,1.01,0,0.61
2011-07,86.68,4.45,1.18,0,0.42,0,0,1.59,0.15,4.04,0.25,0.78,0,0.46
2011-08,89.12,4.52,1.08,0,0.31,0,0,1.87,0.11,1.74,0.17,0.82,0,0.26
2011-09,91.81,3.2,1.07,0,0.21,0,0,1.22,0.13,1.6,0.12,0.44,0,0.19
2011-10,91.27,3.49,0.91,0,0.26,0,0,1.36,0.13,1.47,0.1,0.87,0,0.13
2011-11,90.72,4.08,1.02,0,0.21,0,0,1.46,0.12,1.12,0.07,1.05,0,0.14
2011-12,93.47,3.01,0.82,0,0.18,0,0,0.77,0.09,1.01,0,0.56,0,0.08
2012-01,95.02,1.71,0.77,0,0.21,0,0,0.64,0.33,0.53,0,0.67,0,0.11
2012-02,94.65,2.95,0.55,0,0.22,0,0,0.45,0.27,0.36,0.01,0.48,0,0.06
2012-03,86.77,11.71,0.39,0.01,0.33,0,0,0.11,0.05,0.22,0.06,0.16,0.01,0.17
2012-04,87.93,10.01,0.48,0.07,0.38,0,0,0.2,0.07,0.37,0.05,0.26,0.02,0.17
2012-05,87.06,8.8,0.61,0.09,0.48,0,0,0.3,0.09,2.07,0.03,0.31,0.01,0.16
2012-06,86.8,8.5,0.7,0.11,0.47,0,0,0.31,0.14,2.33,0.02,0.33,0,0.28
2012-07,90.62,3.68,0.69,0.19,0.31,0,0,0.58,0.43,2.86,0,0.5,0,0.13
2012-08,90.76,3.65,1.13,0.29,0.45,0,0,0.84,0.16,2.55,0,0.02,0,0.15
2012-09,88,2.39,1.16,0.42,0.63,0,0,1.17,0.2,5.87,0,0.02,0,0.13
2012-10,93.61,0.61,0.98,0.48,0.42,0,0,0.89,0.16,2.67,0,0.02,0,0.17
2012-11,93.87,0.42,1.11,0.63,0.46,0,0,0.81,0.13,2.38,0,0.01,0,0.18
2012-12,93.94,0.27,1.47,0.57,0.43,0,0,0.92,0.11,2.17,0,0.01,0,0.11
2013-01,91.08,0.42,2.91,0.71,0.55,0,0,1.43,0.19,2.58,0.01,0.01,0.01,0.12
2013-02,89.29,0.81,3.03,1.14,0.56,0,0,1.38,0.21,3.13,0.31,0.01,0,0.12
2013-03,85.88,0.96,3.94,1.59,0.58,0,0,1.58,0.25,4.7,0.34,0.01,0.01,0.15
2013-04,89.87,0.63,2.48,1.06,0.46,0,0,1.23,0.21,3.67,0.3,0.02,0,0.08
2013-05,91,0.43,2.96,0.86,0.4,0,0,1.18,0.24,2.63,0.21,0.02,0.02,0.06
2013-06,88.2,2.19,3.12,0.88,0.53,0,0,2.45,0.24,1.98,0.27,0.01,0.05,0.07
2013-07,86.28,2.9,3.63,1.08,0.6,0,0,2.83,0.28,1.95,0.34,0.01,0.01,0.08
2013-08,86.99,2.78,4.48,1.26,0.52,0,0,2.21,0.3,1.01,0.3,0.01,0.04,0.09
2013-09,87.72,2.47,3.64,1.53,0.53,0,0,2.31,0.25,1.06,0.26,0.01,0.03,0.19
2013-10,89.89,1.92,3.23,1.32,0.39,0,0.29,0.97,0.2,1.51,0.18,0.01,0.02,0.07
2013-11,95.05,1.03,1.41,0.63,0.15,0,1,0.47,0.07,0.07,0.09,0,0.01,0.02
2013-12,96.52,0.77,0.79,0.41,0.1,0,0.92,0.27,0.06,0.06,0.07,0,0,0.03
2014-01,95.26,0.96,0.95,0.71,0.2,0,1.21,0.4,0.13,0,0.11,0.01,0,0.06
2014-02,97.44,0.43,0.42,0.41,0.1,0,0.74,0.19,0.19,0,0.08,0,0,0.01
2014-03,98.76,0.23,0.27,0.23,0.04,0,0.3,0.09,0.03,0,0.04,0,0,0.01
2014-04,99.08,0.12,0.17,0.11,0.03,0,0.34,0.08,0.02,0,0.04,0,0,0.01
2014-05,98.93,0.17,0.23,0.18,0.04,0,0.27,0.11,0.02,0,0.04,0,0,0.01
2014-06,98.46,0.19,0.5,0.27,0.04,0,0.33,0.11,0.03,0,0.05,0,0,0.01
2014-07,95.6,0.67,1.66,0.74,0.08,0,0.63,0.34,0.09,0,0.13,0,0.02,0.03
2014-08,96.94,0.29,1,0.38,0.05,0,0.86,0.24,0.1,0,0.09,0,0.02,0.02
2014-09,97.21,0.41,0.89,0.42,0.07,0,0.46,0.23,0.15,0,0.11,0,0.02,0.02
2014-10,98.5,0.26,0.42,0.23,0.04,0,0.26,0.12,0.06,0,0.08,0,0.02,0.01
2014-11,98,0.25,0.47,0.29,0.05,0,0.34,0.18,0.23,0,0.13,0,0.04,0.01
2014-12,98.01,0.12,0.58,0.31,0.05,0,0.39,0.2,0.1,0,0.16,0,0.06,0.01
2015-01,98.08,0.11,0.7,0.31,0.04,0,0.27,0.19,0.09,0,0.13,0.01,0.05,0.02
2015-02,98.07,0.11,0.64,0.3,0.06,0,0.25,0.2,0.08,0,0.2,0.01,0.07,0.01
2015-03,98.2,0.12,0.61,0.27,0.05,0,0.3,0.16,0.08,0,0.19,0,0.03,0
2015-04,99.02,0.05,0.35,0.17,0.04,0,0.13,0.08,0.06,0,0.09,0,0.01,0
2015-05,98.99,0.06,0.37,0.19,0.03,0,0.14,0.06,0.04,0,0.1,0,0.01,0
2015-06,99.1,0.06,0.32,0.16,0.03,0,0.14,0.05,0.05,0,0.07,0,0.01,0
2015-07,99.08,0.06,0.35,0.17,0.02,0,0.13,0.05,0.05,0,0.07,0,0.02,0
2015-08,98.6,0.18,0.49,0.23,0.04,0,0.15,0.07,0.07,0,0.14,0,0.03,0
2015-09,97.76,0.35,0.79,0.3,0.1,0,0.3,0.12,0.08,0,0.17,0,0.03,0
2015-10,97.27,0.33,0.95,0.42,0.11,0,0.44,0.15,0.09,0,0.22,0,0.03,0.01
2015-11,95.24,0.59,1.34,0.66,0.13,0,0.52,0.24,0.86,0,0.37,0,0.05,0.01
2015-12,96.53,0.62,1.15,0.44,0.08,0,0.39,0.17,0.26,0,0.3,0,0.04,0.01
2016-01,97.96,0.24,0.57,0.26,0.06,0,0.25,0.11,0.34,0,0.18,0,0.02,0.01
2016-02,98.36,0.08,0.55,0.27,0.1,0,0.19,0.11,0.16,0,0.16,0,0.02,0
2016-03,98.13,0.08,0.67,0.31,0.1,0,0.31,0.13,0.08,0,0.15,0,0.03,0
2016-04,97.35,0.15,1,0.31,0.09,0,0.6,0.09,0.06,0,0.3,0,0.04,0.01
2016-05,98.02,0.12,0.67,0.31,0.07,0,0.43,0.06,0.06,0,0.22,0,0.03,0
2016-06,99,0.05,0.32,0.15,0.06,0,0.26,0.03,0.04,0,0.09,0,0.01,0
2016-07,98.67,0.03,0.33,0.21,0.23,0,0.32,0.04,0.05,0,0.09,0,0.02,0.01
2016-08,98.67,0.04,0.44,0.26,0.2,0,0.17,0.04,0.04,0,0.11,0,0.03,0
2016-09,99.33,0.02,0.22,0.15,0.1,0,0.06,0.03,0.02,0,0.06,0,0.01,0
2016-10,99.24,0.07,0.27,0.16,0.11,0,0.05,0.02,0.02,0,0.05,0,0.01,0
2016-11,98.18,0.18,0.9,0.24,0.21,0.02,0.07,0.04,0.04,0,0.08,0,0.03,0.01
2016-12,98.22,0.11,0.8,0.29,0.2,0.06,0.09,0.06,0.06,0,0.09,0,0.01,0.01
2017-01,98.34,0.1,0.56,0.36,0.2,0.05,0.11,0.06,0.08,0,0.11,0,0.02,0.01
2017-02,98.26,0.12,0.61,0.43,0.18,0.05,0.1,0.05,0.06,0,0.11,0,0.01,0.01
2017-03,98.08,0.1,0.67,0.5,0.19,0.05,0.09,0.05,0.07,0,0.17,0,0.02,0.01
2017-04,98.3,0.19,0.56,0.42,0.13,0.05,0.06,0.06,0.09,0,0.12,0,0.01,0.01
2017-05,97.18,0.82,0.84,0.73,0.08,0.04,0.05,0.07,0.05,0,0.12,0,0.02,0.01
2017-06,96.91,0.83,0.95,0.72,0.14,0.05,0.12,0.08,0.06,0,0.11,0,0.01,0.01
2017-07,96.99,1.14,0.88,0.35,0.11,0.06,0.19,0.09,0.06,0,0.11,0,0.02,0.01
2017-08,97.18,1.3,0.58,0.37,0.12,0.06,0.14,0.07,0.07,0,0.1,0,0.01,0
2017-09,96.54,1.2,0.97,0.49,0.15,0.09,0.12,0.1,0.15,0,0.18,0,0.01,0
2017-10,97.69,0.88,0.61,0.37,0.08,0.04,0.04,0.05,0.08,0,0.14,0,0.02,0
2017-11,95.45,2.83,0.75,0.36,0.12,0.08,0.08,0.09,0.08,0,0.11,0,0.05,0.01
2017-12,93.44,4.37,0.9,0.34,0.19,0.08,0.08,0.06,0.11,0,0.17,0,0.24,0.01
2018-01,93.07,4.93,0.85,0.44,0.21,0.08,0.07,0.08,0.08,0,0.11,0,0.07,0.02
2018-02,91.99,5.95,0.92,0.53,0.12,0.11,0.1,0.06,0.09,0,0.11,0,0.01,0.01
2018-03,92.48,5.41,0.74,0.68,0.13,0.12,0.08,0.09,0.08,0,0.17,0.01,0.01,0.01
2018-04,92.01,5.66,0.5,1.28,0.1,0.08,0.07,0.07,0.06,0,0.15,0,0.01,0
2018-05,91.61,5.89,0.53,1.19,0.1,0.13,0.1,0.09,0.06,0,0.22,0,0.07,0
2018-06,88.12,8.3,1.25,1.42,0.11,0.18,0.2,0.05,0.07,0,0.26,0,0.04,0
2018-07,88.13,7.84,1.44,1.38,0.18,0.23,0.11,0.03,0.1,0,0.27,0.01,0.26,0.03
2018-08,87.88,8.91,1.15,1.28,0.13,0.2,0.09,0,0.12,0,0.17,0,0.05,0.01
2018-09,89.04,7.62,1.29,1.21,0.07,0.14,0.22,0,0.15,0,0.2,0,0.04,0
2018-10,86.84,9.13,1.46,1.47,0.08,0.19,0.23,0.01,0.3,0,0.19,0.01,0.09,0
2018-11,92.55,4.69,1.07,0.93,0.04,0.35,0.06,0.04,0.13,0,0.11,0,0.02,0
2018-12,89.62,4.8,2.35,2.04,0.07,0.31,0.11,0.05,0.27,0,0.29,0,0.08,0.02
2019-01,93.34,2.17,2.07,1.68,0.07,0.18,0.05,0.01,0.27,0,0.09,0,0.04,0.02
2019-02,95.13,1.9,1.35,1.24,0.04,0.09,0.06,0.01,0.11,0,0.06,0,0.02,0
2019-03,93.06,3.22,1.51,1.69,0.05,0.14,0.06,0.01,0.16,0,0.07,0,0.03,0
2019-04,94.02,2.92,1.09,1.55,0.05,0.15,0.06,0.03,0.09,0,0.01,0,0.03,0
2019-05,94.52,2.55,1.25,1.18,0.07,0.18,0.09,0.01,0.1,0,0,0,0.05,0
2019-06,94.12,2.75,1.22,1.46,0.07,0.15,0.07,0,0.11,0,0.01,0,0.03,0
2019-07,94.54,2.43,1.32,1.32,0.05,0.12,0.09,0,0.1,0,0,0,0.04,0
2019-08,94.99,2.32,1.21,1.12,0.06,0.11,0.07,0,0.07,0,0,0,0.05,0
2019-09,96.04,1.98,0.77,0.98,0.04,0.08,0.03,0,0.04,0,0,0,0.04,0
2019-10,96.1,1.43,1.7,0.61,0.03,0.08,0.02,0,0.02,0,0,0,0.02,0
2019-11,97.65,1.13,0.5,0.49,0.03,0.13,0.02,0,0.03,0,0,0,0.01,0
2019-12,96.94,1.57,0.4,0.67,0.03,0.3,0.03,0,0.04,0,0,0,0.02,0
2020-01,97.23,1.41,0.35,0.63,0.02,0.29,0.02,0,0.03,0,0,0,0.01,0
2020-02,96.3,1.58,0.56,0.76,0.06,0.51,0.06,0.02,0.07,0,0,0.02,0.03,0.02
2020-03,93.28,3.31,0.98,1.24,0.13,0.51,0.1,0.08,0.11,0,0,0.08,0.09,0.08
2020-04,89.81,7.09,0.89,1.64,0.08,0.31,0.06,0,0.11,0,0,0,0.02,0
2020-05,84.83,10.19,1.17,2.65,0.46,0.38,0.21,0,0.11,0,0,0,0,0
2020-06,91.95,4.81,0.81,1.56,0.54,0.16,0.08,0,0.08,0,0,0,0,0
2020-07,91.16,5.58,0.52,1.85,0.54,0.12,0.11,0,0.11,0,0,0,0,0
2020-08,93.35,3.95,0.59,1.42,0.52,0.1,0.02,0,0.05,0,0,0,0.01,0
2020-09,95.81,2.45,0.25,0.95,0.37,0.11,0.04,0,0.02,0,0,0,0,0
2020-10,94.46,3.31,0.3,1.26,0.48,0.1,0.06,0,0.03,0,0,0,0,0
2020-11,95,2.73,0.35,1.19,0.57,0.09,0.02,0,0.04,0,0,0,0,0
2020-12,94.88,2.68,0.62,1.16,0.45,0.13,0.02,0,0.05,0,0,0,0,0
2021-01,85.85,3.88,8.81,0.82,0.46,0.08,0.04,0,0.06,0,0,0,0,0
2021-02,86.73,3.58,7.73,0.98,0.7,0.18,0.03,0,0.05,0,0,0,0,0.01
2021-03,64.23,2.63,31.26,0.93,0.71,0.14,0.02,0,0.06,0,0,0,0,0
2021-04,45.56,2.93,50,0.73,0.51,0.14,0.04,0,0.08,0,0,0,0.01,0
2021-05,79.36,5.94,10.54,1.85,1.23,0.66,0.14,0,0.25,0,0,0,0.02,0
2021-06,89.12,6.25,1.26,1.42,1.22,0.44,0.13,0,0.15,0,0,0,0,0
2021-07,88.09,6.5,2.26,1.01,0.92,0.85,0.18,0,0.17,0,0,0,0,0.01
2021-08,88.04,6.03,2.88,1.21,0.78,0.69,0.24,0,0.13,0,0,0,0,0
2021-09,84.3,3.21,9.6,1.24,0.75,0.59,0.1,0,0.18,0,0,0,0.01,0.01
2021-10,92.15,3.24,1.79,0.99,1.04,0.47,0.09,0,0.2,0,0,0,0.02,0.03
2021-11,94.57,3.21,0.41,0.52,0.69,0.32,0.06,0,0.2,0,0,0,0,0.01
2021-12,92.76,5.36,0.57,0.43,0.49,0.26,0.03,0,0.09,0,0,0,0,0.01
2022-01,93.79,3.65,0.43,0.48,1.02,0.36,0.04,0,0.18,0,0,0,0,0.05
2022-02,92.64,4.8,0.4,0.49,0.96,0.42,0.02,0,0.21,0,0,0,0,0.04
2022-03,92.09,4.87,0.58,0.48,1.1,0.5,0.02,0,0.31,0,0,0,0,0.04
2022-04,92.2,4.72,0.53,0.58,1.23,0.47,0.03,0,0.2,0,0,0,0,0.03
2022-05,93.05,3.99,0.54,0.62,1.18,0.39,0.02,0,0.18,0,0,0,0,0.01
2022-06,95.27,2.58,0.59,0.42,0.86,0.18,0.01,0,0.09,0,0,0,0,0
2022-07,93.43,3.95,0.57,0.4,1.07,0.3,0.02,0,0.26,0,0,0,0,0
2022-08,89.69,7.6,0.58,0.47,1.09,0.45,0.01,0,0.1,0,0,0,0.01,0
2022-09,89.87,5.91,0.66,0.77,1.63,1.01,0.03,0,0.11,0,0,0,0.01,0
2022-10,95.95,2.16,0.38,0.33,0.69,0.44,0.01,0,0.03,0,0,0,0,0
2022-11,92.46,4.39,1.08,0.33,1.02,0.59,0.03,0,0.08,0,0,0,0,0
2022-12,91.67,5.03,1.77,0.26,0.71,0.48,0.01,0,0.05,0,0,0,0,0.01
2023-01,85.78,8.51,2.36,0.57,1.65,0.97,0.03,0,0.12,0,0,0,0,0.01
2023-02,91.22,6.33,0.61,0.33,0.98,0.49,0.01,0,0.04,0,0,0,0,0
2023-03,89.5,7.68,0.59,0.38,1.13,0.65,0.01,0,0.05,0,0,0,0,0
2023-04,89.54,6.52,1.01,0.28,1.08,1.49,0.02,0,0.05,0,0,0,0.01,0
2023-05,75.65,18.8,0.91,0.47,1.65,2.34,0.02,0,0.13,0,0,0,0.01,0
2023-06,78.72,15.53,1.41,0.57,1.6,2.06,0.02,0,0.08,0,0,0,0.01,0
2023-07,75.04,14.64,5.6,0.68,1.66,2.23,0.02,0,0.11,0,0,0,0.01,0
2023-08,86.9,7.06,3.65,0.48,0.97,0.83,0.01,0,0.08,0,0,0,0,0
2023-09,88.73,5.87,1.82,0.61,1.21,1.37,0.02,0,0.16,0,0,0,0.19,0
2023-10,90.67,5.01,1.47,0.5,1,1.17,0.03,0,0.14,0,0,0,0,0
2023-11,93.37,4.17,0.58,0.38,0.62,0.78,0.01,0,0.08,0,0,0,0.01,0
2009-03,0,0,0,0,0,0,0,0,0,0,0,0,0,0
